bass_enable=false
bass_maxgain=3
compression_aggressiveness=800
compression_enable=false
compression_maxatk=30
compression_maxrel=200
convolver_enable=false
convolver_file=
convolver_optimization_mode=0
convolver_waveform_edit=-80;-100;0;0;0;0
crossfeed_bs2b_fcut=700
crossfeed_bs2b_feed=60
crossfeed_enable=false
crossfeed_mode=0
ddc_enable=false
ddc_file=
graphiceq_enable=true
graphiceq_param=GraphicEQ: 20 -0.2; 21 -0.3; 22 -0.4; 23 -0.5; 24 -0.5; 26 -0.6; 27 -0.6; 29 -0.7; 30 -0.7; 32 -0.6; 34 -0.6; 36 -0.6; 38 -0.6; 40 -0.5; 43 -0.4; 45 -0.4; 48 -0.4; 50 -0.4; 53 -0.3; 56 -0.3; 59 -0.3; 63 -0.3; 66 -0.4; 70 -0.5; 74 -0.6; 78 -0.7; 83 -0.9; 87 -1.1; 92 -1.3; 97 -1.6; 103 -1.9; 109 -2.1; 115 -2.4; 121 -2.6; 128 -2.9; 136 -3.1; 143 -3.3; 151 -3.5; 160 -3.6; 169 -3.7; 178 -3.8; 188 -3.8; 199 -3.8; 210 -3.9; 222 -3.9; 235 -3.8; 248 -3.8; 262 -3.7; 277 -3.7; 292 -3.6; 309 -3.6; 326 -3.6; 345 -3.5; 364 -3.4; 385 -3.3; 406 -3.2; 429 -3.2; 453 -3.1; 479 -3; 506 -2.9; 534 -2.8; 565 -2.7; 596 -2.7; 630 -2.6; 665 -2.5; 703 -2.5; 743 -2.4; 784 -2.3; 829 -2.3; 875 -2.4; 924 -2.4; 977 -2.6; 1032 -2.7; 1090 -3; 1151 -3.4; 1216 -3.7; 1284 -3.9; 1357 -4.1; 1433 -4.2; 1514 -4.2; 1599 -4.2; 1689 -4.1; 1784 -3.9; 1885 -3.8; 1991 -3.6; 2103 -3.5; 2221 -3.4; 2347 -3.4; 2479 -3.4; 2618 -3.4; 2766 -3.5; 2921 -3.5; 3086 -3.4; 3260 -3.3; 3443 -3.1; 3637 -3; 3842 -2.8; 4058 -2.7; 4287 -2.5; 4528 -2.3; 4783 -2.1; 5052 -1.9; 5337 -1.5; 5637 -1.1; 5955 -0.8; 6290 -0.8; 6644 -1; 7018 -1; 7414 -0.9; 7831 -0.7; 8272 -0.8; 8738 -0.9; 9230 -1.2; 9749 -1.5; 10298 -1.8; 10878 -2; 11490 -2.2; 12137 -2.5; 12821 -2.8; 13543 -3.1; 14305 -3.4; 15110 -3.8; 15961 -4.2; 16860 -4.6; 17809 -5.1; 18812 -5.5; 19871 -6.1
liveprog_enable=true
liveprog_file=/home/diego/.config/jamesdsp/liveprog/autowideness.eel
master_enable=true
master_limrelease=60
master_limthreshold=0
master_postgain=0
reverb_bassboost=0.25000
reverb_decay=2.10000
reverb_delay=0.00000
reverb_enable=false
reverb_finaldry=-7.00000
reverb_finalwet=-9.00000
reverb_lfo_spin=0.70000
reverb_lfo_wander=0.30000
reverb_lpf_bass=600
reverb_lpf_damp=9000
reverb_lpf_input=18000
reverb_lpf_output=17000
reverb_osf=1
reverb_reflection_amount=0.30000
reverb_reflection_factor=1.00000
reverb_reflection_width=0.70000
reverb_wet=-8.00000
reverb_width=1.00000
stereowide_enable=false
stereowide_level=49
tone_enable=true
tone_eq=25.0;40.0;63.0;100.0;160.0;250.0;400.0;630.0;1000.0;1600.0;2500.0;4000.0;6300.0;10000.0;16000.0;3;2.15436;2.1745;2.21477;1.4698;1.18792;0.805369;0;2.11409;2.55705;2.59731;2.49664;2.07383;0;-1.32886
tone_filtertype=1
tone_interpolation=1
tube_enable=true
tube_pregain=-300
